	Muricata_M_muricata	G1_M_elongata	G5_M_elongata	G6_M_elongata	M105_M_muricata	SAI1727_M_muricata	SAI1728_M_muricata	SAI1729_M_muricata	SAI1831_M_muricata	SAI1832_M_muricata	SAI1833_M_muricata	SAI1835_M_muricata	SAI1836_M_muricata	CA2_M_elongata	CA3_M_laxa	CA4_M_laxa	CA5_M_laxa	CA6_M_laxa	PAN_3_M_laxa	PAN_M7_M_muricata	PAN_4_M_laxa	PAN_M8_M_muricata	PAN_5_M_laxa	PAN_6_M_laxa	PAN_7_M_laxa	CAR330_M_muricata	PAN_M4_M_muricata	PAN_M5_M_muricata	CAR332_M_muricata	PAN_M6_M_muricata
Muricata_M_muricata	0	0.023236203504169	0.023001967581748	0.025297479621475	0.023423592242106	0.023892064086948	0.027967769137075	0.025765951466317	0.024079452824885	0.022439801367938	0.023704675349012	0.023517286611075	0.021596552047222	0.10952871732409	0.11205846528624	0.11341703363628	0.10976295324651	0.11885130703645	0.11486929635529	0.022627190105875	0.11018457790687	0.023751522533496	0.12035041693994	0.12339548393142	0.12297385927106	0.10746744120678	0.024594771854212	0.025203785252506	0.10465661013773	0.023845216902464
G1_M_elongata	0.023236203504169	0	0.023048814766233	0.021971329523096	0.023985758455917	0.023283050688654	0.02590649301977	0.025110090883538	0.026140728942191	0.022814578843811	0.023423592242106	0.023048814766233	0.022533495736906	0.10807645460508	0.11332333926731	0.11327649208283	0.10980980043099	0.11997563946407	0.11547830975358	0.022627190105875	0.11294856179144	0.023517286611075	0.12245854024173	0.12339548393142	0.12152159655205	0.10840438489647	0.024594771854212	0.02590649301977	0.1029701114963	0.02468846622318
G5_M_elongata	0.023001967581748	0.023048814766233	0	0.02557856272838	0.024313688747306	0.020753302726506	0.022299259814485	0.025484868359412	0.022111871076548	0.023610980980043	0.024735313407664	0.02379836971798	0.024313688747306	0.10770167712921	0.11069989693619	0.11290171460695	0.10948187013961	0.11613417033636	0.11205846528624	0.021643399231706	0.10938817577064	0.022674037290359	0.12025672257097	0.12016302820201	0.11805490490022	0.10512508198257	0.025531715543896	0.023236203504169	0.1032511946032	0.023001967581748
G6_M_elongata	0.025297479621475	0.021971329523096	0.02557856272838	0	0.023985758455917	0.021034385833411	0.025156938068022	0.025250632436991	0.025812798650801	0.023376745057622	0.023610980980043	0.023329897873138	0.023751522533496	0.11248008994659	0.11585308722946	0.11599362878291	0.11158999344139	0.1225522346107	0.11805490490022	0.023189356319685	0.11332333926731	0.022674037290359	0.12428558043662	0.12630000936944	0.12536306567975	0.10807645460508	0.025765951466317	0.026234423311159	0.10737374683782	0.024641619038696
M105_M_muricata	0.023423592242106	0.023985758455917	0.024313688747306	0.023985758455917	0	0.022533495736906	0.027452450107749	0.02679658952497	0.022627190105875	0.022814578843811	0.023845216902464	0.023704675349012	0.02501639651457	0.11318279771386	0.11430713014148	0.11557200412255	0.11093413285862	0.12016302820201	0.11707111402605	0.023610980980043	0.11458821324838	0.024454230300759	0.12222430431931	0.12480089946594	0.12400449732971	0.10971610606203	0.024547924669727	0.025531715543896	0.10498454042912	0.025484868359412
SAI1727_M_muricata	0.023892064086948	0.023283050688654	0.020753302726506	0.021034385833411	0.022533495736906	0	0.021971329523096	0.024547924669727	0.022111871076548	0.022439801367938	0.022955120397264	0.022955120397264	0.022533495736906	0.10442237421531	0.10995034198445	0.10709266373091	0.10770167712921	0.11130891033449	0.10952871732409	0.020940691464443	0.10456291576876	0.02080014991099	0.11407289421906	0.1145413660639	0.11538461538462	0.10315750023424	0.023845216902464	0.022252412630001	0.099409725475499	0.021596552047222
SAI1728_M_muricata	0.027967769137075	0.02590649301977	0.022299259814485	0.025156938068022	0.027452450107749	0.021971329523096	0	0.02824885224398	0.024173147193854	0.025859645835285	0.025531715543896	0.024641619038696	0.024079452824885	0.11065304975171	0.11369811674318	0.11397919985009	0.11088728567413	0.11782066897779	0.11383865829664	0.023329897873138	0.11074674412068	0.023517286611075	0.12109997189169	0.12095943033824	0.12086573596927	0.10802960742059	0.027967769137075	0.026140728942191	0.10493769324464	0.025438021174927
SAI1729_M_muricata	0.025765951466317	0.025110090883538	0.025484868359412	0.025250632436991	0.02679658952497	0.024547924669727	0.02824885224398	0	0.022767731659327	0.024829007776633	0.024594771854212	0.025110090883538	0.026515506418064	0.11032511946032	0.11421343577251	0.11486929635529	0.11027827227584	0.11997563946407	0.11571254567601	0.025063243699054	0.11107467441207	0.024219994378338	0.12063150004685	0.12152159655205	0.12442612199007	0.10606202567226	0.027030825447391	0.026374964864612	0.10578094256535	0.026047034573222
SAI1831_M_muricata	0.024079452824885	0.026140728942191	0.022111871076548	0.025812798650801	0.022627190105875	0.022111871076548	0.024173147193854	0.022767731659327	0	0.023610980980043	0.023845216902464	0.023423592242106	0.020565913988569	0.10535931790499	0.1065304975171	0.11065304975171	0.10348543052563	0.11552515693807	0.11369811674318	0.023470439426591	0.10924763421718	0.021830787969643	0.11772697460883	0.12063150004685	0.12039726412443	0.1020800149911	0.024501077485243	0.024735313407664	0.099831350135857	0.024922702145601
SAI1832_M_muricata	0.022439801367938	0.022814578843811	0.023610980980043	0.023376745057622	0.022814578843811	0.022439801367938	0.025859645835285	0.024829007776633	0.023610980980043	0	0.00023423592242106	0.001311721165558	0.021830787969643	0.11304225616041	0.11585308722946	0.11510353227771	0.11262063150005	0.12030356975546	0.11636840625878	0.024266841562822	0.11191792373278	0.022439801367938	0.1198819450951	0.12362971985384	0.12362971985384	0.1074205940223	0.023095661950717	0.026328117680127	0.10624941441019	0.02590649301977
SAI1833_M_muricata	0.023704675349012	0.023423592242106	0.024735313407664	0.023610980980043	0.023845216902464	0.022955120397264	0.025531715543896	0.024594771854212	0.023845216902464	0.00023423592242106	0	0.00093694368968425	0.02290827321278	0.11248008994659	0.11552515693807	0.11369811674318	0.11219900683969	0.11814859926918	0.11435397732596	0.025250632436991	0.11313595052937	0.02379836971798	0.12067834723133	0.12250538742622	0.1213810549986	0.10638995596365	0.023845216902464	0.02679658952497	0.10615572004123	0.026421812049096
SAI1835_M_muricata	0.023517286611075	0.023048814766233	0.02379836971798	0.023329897873138	0.023704675349012	0.022955120397264	0.024641619038696	0.025110090883538	0.023423592242106	0.001311721165558	0.00093694368968425	0	0.022486648552422	0.11027827227584	0.11355757518973	0.11440082451045	0.10976295324651	0.1198819450951	0.11463506043287	0.024266841562822	0.11149629907243	0.022439801367938	0.11969455635716	0.12259908179518	0.12278647053312	0.10554670664293	0.023938911271433	0.026609200787033	0.10554670664293	0.026000187388738
SAI1836_M_muricata	0.021596552047222	0.022533495736906	0.024313688747306	0.023751522533496	0.02501639651457	0.022533495736906	0.024079452824885	0.026515506418064	0.020565913988569	0.021830787969643	0.02290827321278	0.022486648552422	0	0.10868546800337	0.11088728567413	0.10971610606203	0.10835753771198	0.11575939286049	0.11126206315001	0.023048814766233	0.10798276023611	0.022392954183454	0.11875761266748	0.1181017520847	0.11693057247259	0.10573409538087	0.025110090883538	0.024735313407664	0.10390705518598	0.025531715543896
CA2_M_elongata	0.10952871732409	0.10807645460508	0.10770167712921	0.11248008994659	0.11318279771386	0.10442237421531	0.11065304975171	0.11032511946032	0.10535931790499	0.11304225616041	0.11248008994659	0.11027827227584	0.10868546800337	0	0.019582123114401	0.08207626721634	0.019816359036822	0.088447484306193	0.086011430713014	0.098707017708236	0.083106905274993	0.096177269746088	0.088775414597583	0.091773634404572	0.089899747025204	0.021268621755832	0.10315750023424	0.10896655111028	0.018832568162653	0.10906024547925
CA3_M_laxa	0.11205846528624	0.11332333926731	0.11069989693619	0.11585308722946	0.11430713014148	0.10995034198445	0.11369811674318	0.11421343577251	0.1065304975171	0.11585308722946	0.11552515693807	0.11355757518973	0.11088728567413	0.019582123114401	0	0.083434835566382	0.0010306380586527	0.089337580811393	0.08685468003373	0.102361098098	0.083715918673288	0.10076829382554	0.090930385083856	0.09219525906493	0.092335800618383	0.020144289328211	0.10596833130329	0.11205846528624	0.021456010493769	0.11210531247072
CA4_M_laxa	0.11341703363628	0.11327649208283	0.11290171460695	0.11599362878291	0.11557200412255	0.10709266373091	0.11397919985009	0.11486929635529	0.11065304975171	0.11510353227771	0.11369811674318	0.11440082451045	0.10971610606203	0.08207626721634	0.083434835566382	0	0.081279865080109	0.0011243324276211	0.019816359036822	0.10306380586527	0.021081233017896	0.099503419844467	0.020612761173053	0.023470439426591	0.02201817670758	0.076173521971329	0.10713951091539	0.11093413285862	0.078703269933477	0.11084043848965
CA5_M_laxa	0.10976295324651	0.10980980043099	0.10948187013961	0.11158999344139	0.11093413285862	0.10770167712921	0.11088728567413	0.11027827227584	0.10348543052563	0.11262063150005	0.11219900683969	0.10976295324651	0.10835753771198	0.019816359036822	0.0010306380586527	0.081279865080109	0	0.087979012461351	0.085870889159561	0.099597114213436	0.083528529935351	0.097395296542678	0.090133982947625	0.091352009744214	0.09041506605453	0.019066804085074	0.10371966644805	0.1092007870327	0.020753302726506	0.10938817577064
CA6_M_laxa	0.11885130703645	0.11997563946407	0.11613417033636	0.1225522346107	0.12016302820201	0.11130891033449	0.11782066897779	0.11997563946407	0.11552515693807	0.12030356975546	0.11814859926918	0.1198819450951	0.11575939286049	0.088447484306193	0.089337580811393	0.0011243324276211	0.087979012461351	0	0.020191136512696	0.10662419188607	0.021643399231706	0.10479715169118	0.020940691464443	0.023236203504169	0.021924482338611	0.082544739061182	0.11215215965521	0.11519722664668	0.084980792654361	0.11397919985009
PAN_3_M_laxa	0.11486929635529	0.11547830975358	0.11205846528624	0.11805490490022	0.11707111402605	0.10952871732409	0.11383865829664	0.11571254567601	0.11369811674318	0.11636840625878	0.11435397732596	0.11463506043287	0.11126206315001	0.086011430713014	0.08685468003373	0.019816359036822	0.085870889159561	0.020191136512696	0	0.10634310877916	0.019535275929917	0.10184577906868	0.02169024641619	0.021643399231706	0.020893844279959	0.082919516537056	0.10718635809988	0.11051250819826	0.084418626440551	0.11327649208283
PAN_M7_M_muricata	0.022627190105875	0.022627190105875	0.021643399231706	0.023189356319685	0.023610980980043	0.020940691464443	0.023329897873138	0.025063243699054	0.023470439426591	0.024266841562822	0.025250632436991	0.024266841562822	0.023048814766233	0.098707017708236	0.102361098098	0.10306380586527	0.099597114213436	0.10662419188607	0.10634310877916	0	0.10222055654455	0.021456010493769	0.10990349479996	0.11013773072238	0.10732689965333	0.096317811299541	0.021830787969643	0.0023892064086948	0.094725007027078	0.0020612761173053
PAN_4_M_laxa	0.11018457790687	0.11294856179144	0.10938817577064	0.11332333926731	0.11458821324838	0.10456291576876	0.11074674412068	0.11107467441207	0.10924763421718	0.11191792373278	0.11313595052937	0.11149629907243	0.10798276023611	0.083106905274993	0.083715918673288	0.021081233017896	0.083528529935351	0.021643399231706	0.019535275929917	0.10222055654455	0	0.10011243324276	0.021596552047222	0.02201817670758	0.021409163309285	0.078796964302445	0.10489084606015	0.10845123208095	0.081467253818045	0.10863862081889
PAN_M8_M_muricata	0.023751522533496	0.023517286611075	0.022674037290359	0.022674037290359	0.024454230300759	0.02080014991099	0.023517286611075	0.024219994378338	0.021830787969643	0.022439801367938	0.02379836971798	0.022439801367938	0.022392954183454	0.096177269746088	0.10076829382554	0.099503419844467	0.097395296542678	0.10479715169118	0.10184577906868	0.021456010493769	0.10011243324276	0	0.1074205940223	0.10760798276024	0.1074205940223	0.094631312658109	0.024173147193854	0.023048814766233	0.09252318935632	0.02258034292139
PAN_5_M_laxa	0.12035041693994	0.12245854024173	0.12025672257097	0.12428558043662	0.12222430431931	0.11407289421906	0.12109997189169	0.12063150004685	0.11772697460883	0.1198819450951	0.12067834723133	0.11969455635716	0.11875761266748	0.088775414597583	0.090930385083856	0.020612761173053	0.090133982947625	0.020940691464443	0.02169024641619	0.10990349479996	0.021596552047222	0.1074205940223	0	0.021174927386864	0.022533495736906	0.084793403916425	0.11229270120866	0.11697741965708	0.083997001780193	0.11791436334676
PAN_6_M_laxa	0.12339548393142	0.12339548393142	0.12016302820201	0.12630000936944	0.12480089946594	0.1145413660639	0.12095943033824	0.12152159655205	0.12063150004685	0.12362971985384	0.12250538742622	0.12259908179518	0.1181017520847	0.091773634404572	0.09219525906493	0.023470439426591	0.091352009744214	0.023236203504169	0.021643399231706	0.11013773072238	0.02201817670758	0.10760798276024	0.021174927386864	0	0.022346106998969	0.086105125081983	0.11379181111215	0.11777382179331	0.087932165276867	0.11707111402605
PAN_7_M_laxa	0.12297385927106	0.12152159655205	0.11805490490022	0.12536306567975	0.12400449732971	0.11538461538462	0.12086573596927	0.12442612199007	0.12039726412443	0.12362971985384	0.1213810549986	0.12278647053312	0.11693057247259	0.089899747025204	0.092335800618383	0.02201817670758	0.09041506605453	0.021924482338611	0.020893844279959	0.10732689965333	0.021409163309285	0.1074205940223	0.022533495736906	0.022346106998969	0	0.087042068771667	0.11529092101565	0.11786751616228	0.08741684624754	0.11866391829851
CAR330_M_muricata	0.10746744120678	0.10840438489647	0.10512508198257	0.10807645460508	0.10971610606203	0.10315750023424	0.10802960742059	0.10606202567226	0.1020800149911	0.1074205940223	0.10638995596365	0.10554670664293	0.10573409538087	0.021268621755832	0.020144289328211	0.076173521971329	0.019066804085074	0.082544739061182	0.082919516537056	0.096317811299541	0.078796964302445	0.094631312658109	0.084793403916425	0.086105125081983	0.087042068771667	0	0.10034666916518	0.10535931790499	0.017895624472969	0.10456291576876
PAN_M4_M_muricata	0.024594771854212	0.024594771854212	0.025531715543896	0.025765951466317	0.024547924669727	0.023845216902464	0.027967769137075	0.027030825447391	0.024501077485243	0.023095661950717	0.023845216902464	0.023938911271433	0.025110090883538	0.10315750023424	0.10596833130329	0.10713951091539	0.10371966644805	0.11215215965521	0.10718635809988	0.021830787969643	0.10489084606015	0.024173147193854	0.11229270120866	0.11379181111215	0.11529092101565	0.10034666916518	0	0.023985758455917	0.096786283144383	0.02501639651457
PAN_M5_M_muricata	0.025203785252506	0.02590649301977	0.023236203504169	0.026234423311159	0.025531715543896	0.022252412630001	0.026140728942191	0.026374964864612	0.024735313407664	0.026328117680127	0.02679658952497	0.026609200787033	0.024735313407664	0.10896655111028	0.11205846528624	0.11093413285862	0.1092007870327	0.11519722664668	0.11051250819826	0.0023892064086948	0.10845123208095	0.023048814766233	0.11697741965708	0.11777382179331	0.11786751616228	0.10535931790499	0.023985758455917	0	0.10044036353415	0.0014522627190106
CAR332_M_muricata	0.10465661013773	0.1029701114963	0.1032511946032	0.10737374683782	0.10498454042912	0.099409725475499	0.10493769324464	0.10578094256535	0.099831350135857	0.10624941441019	0.10615572004123	0.10554670664293	0.10390705518598	0.018832568162653	0.021456010493769	0.078703269933477	0.020753302726506	0.084980792654361	0.084418626440551	0.094725007027078	0.081467253818045	0.09252318935632	0.083997001780193	0.087932165276867	0.08741684624754	0.017895624472969	0.096786283144383	0.10044036353415	0	0.10226740372904
PAN_M6_M_muricata	0.023845216902464	0.02468846622318	0.023001967581748	0.024641619038696	0.025484868359412	0.021596552047222	0.025438021174927	0.026047034573222	0.024922702145601	0.02590649301977	0.026421812049096	0.026000187388738	0.025531715543896	0.10906024547925	0.11210531247072	0.11084043848965	0.10938817577064	0.11397919985009	0.11327649208283	0.0020612761173053	0.10863862081889	0.02258034292139	0.11791436334676	0.11707111402605	0.11866391829851	0.10456291576876	0.02501639651457	0.0014522627190106	0.10226740372904	0
																														
																														
																														
																														
																														
																														
																														
																														
																														
																														
																														
																														
																														
																														
																														
																														
																														
																														
																														
																														
																														
																														
																														
																														
																														
																														
																														
																														
																														
																														
																														
																														
																														
																														
																														
																														
																														
																														
																														
																														
																														
																														
																														
																														
																														
																														
																														
																														
																														
																														
																														
																														
																														
																														
																														
																														
																														
																														
																														
																														
																														
																														
																														
																														
																														
																														
																														
																														
																														
																														
																														
																														
																														
																														
																														
																														
																														
																														
																														
																														
																														
																														
																														
																														
																														
																														
																														
																														
																														
																														
																														
																														
																														
																														
																														
																														
																														
																														
																														
																														
																														
																														
																														
																														
																														
																														
																														
																														
																														
																														
																														
																														
																														
																														
																														
																														
																														
																														
																														
																														
																														
																														
																														
																														
																														
																														
																														
																														
																														
																														
																														
																														
																														
																														
																														
																														
																														
																														
																														
																														
																														
																														
																														
																														
																														
																														
																														
																														
																														
																														
																														
																														
																														
																														
																														
																														
																														
																														
																														
																														
																														
																														
																														
																														
																														
																														
																														
																														
																														
																														
																														
																														
																														
																														
																														
																														
																														
																														
																														
																														
																														
																														
																														
																														
																														
																														
																														
																														
																														
																														
																														
																														
																														
																														
																														
																														
																														
																														
																														
																														
																														
																														
																														
																														
																														
																														
																														
																														
																														
																														
																														
																														
																														
																														
																														
																														
																														
																														
																														
																														
																														
																														
																														
																														
																														
																														
																														
																														
																														
																														
																														
																														
																														
																														
																														
																														
																														
																														
																														
																														
																														
																														
																														
																														
																														
																														
																														
																														
																														
																														
																														
																														
																														
																														
																														
																														
																														
																														
																														
																														
																														
																														
																														
																														
																														
																														
																														
																														
																														
																														
																														
																														
																														
																														
																														
																														
																														
																														
																														
																														
																														
																														
																														
																														
																														
																														
																														
																														
																														
																														
																														
																														
																														
																														
																														
																														
																														
																														
																														
																														
																														
																														
																														
																														
																														
																														
																														
																														
																														
																														
																														
																														
																														
																														
																														
																														
																														
																														
																														
																														
																														
																														
																														
																														
																														
																														
																														
																														
																														
																														
																														
																														
																														
																														
																														
																														
																														
																														
																														
																														
																														
																														
																														
																														
																														
																														
																														
																														
																														
																														
																														
																														
																														
																														
																														
																														
																														
																														
																														
																														
																														
																														
																														
																														
																														
																														
																														
																														
																														
																														
																														
																														
																														
																														
																														
																														
																														
																														
																														
																														
																														
																														
																														
																														
																														
																														
																														
																														
																														
																														
																														
																														
																														
																														
																														
																														
																														
																														
																														
																														
																														
																														
																														
																														
																														
																														
																														
																														
																														
																														
																														
																														
																														
																														
																														
																														
																														
																														
																														
																														
																														
																														
																														
																														
																														
																														
																														
																														
																														
																														
																														
																														
																														
																														
																														
																														
																														
																														
																														
																														
																														
																														
																														
																														
																														
																														
																														
																														
																														
																														
																														
																														
																														
																														
																														
																														
																														
																														
																														
																														
																														
																														
																														
																														
																														
																														
																														
																														
																														
																														
																														
																														
																														
																														
																														
																														
																														
																														
																														
																														
																														
																														
																														
																														
																														
																														
																														
																														
																														
																														
																														
																														
																														
																														
																														
																														
																														
																														
																														
																														
																														
																														
																														
																														
																														
																														
																														
																														
																														
																														
																														
																														
																														
																														
																														
																														
																														
																														
																														
																														
																														
																														
																														
																														
																														
																														
																														
																														
																														
																														
																														
																														
																														
																														
																														
																														
																														
																														
																														
																														
																														
																														
																														
																														
																														
																														
																														
																														
																														
																														
																														
																														
																														
																														
																														
																														
																														
																														
																														
																														
																														
																														
																														
																														
																														
																														
																														
																														
																														
																														
																														
																														
																														
																														
																														
																														
																														
																														
																														
																														
																														
																														
																														
																														
																														
																														
																														
																														
																														
																														
																														
																														
																														
																														
																														
																														
																														
																														
																														
																														
																														
																														
																														
																														
																														
																														
																														
																														
																														
																														
																														
																														
																														
																														
																														
																														
																														
																														
																														
																														
																														
																														
																														
																														
																														
																														
																														
																														
																														
																														
																														
																														
																														
																														
																														
																														
																														
																														
																														
																														
																														
																														
																														
																														
																														
																														
																														
																														
																														
																														
																														
																														
																														
																														
																														
																														
																														
																														
																														
																														
																														
																														
																														
																														
																														
																														
																														
																														
																														
																														
																														
																														
																														
																														
																														
																														
																														
																														
																														
																														
																														
																														
																														
																														
																														
																														
																														
																														
																														
																														
																														
																														
																														
																														
																														
																														
																														
																														
																														
																														
																														
																														
																														
																														
																														
																														
																														
																														
																														
																														
																														
																														
																														
																														
																														
																														
																														
																														
																														
																														
																														
																														
																														
																														
																														
																														
																														
																														
																														
																														
																														
																														
																														
																														
																														
																														
																														
																														
																														
																														
																														
																														
																														
																														
																														
																														
																														
																														
																														
																														
																														
																														
																														
																														
																														
																														
																														
																														
																														
																														
																														
																														
																														
																														
																														
																														
																														
																														
																														
																														
																														
																														
																														
																														
																														
																														
																														
																														
																														
																														
																														
																														
																														
																														
																														
																														
																														
																														
																														
																														
																														
																														
																														
																														
																														
																														
																														
																														
																														
																														
																														
																														
																														
																														
																														
																														
																														
																														
																														
																														
																														
																														
																														
																														
																														
																														
																														
																														
																														
																														
																														
																														
																														
																														
																														
																														
																														
																														
																														
																														
																														
																														
																														
																														
																														
																														
																														
																														
																														
																														
																														
																														
																														
																														
																														
																														
																														
																														
																														
																														
																														
																														
																														
																														
																														
																														
																														
																														
																														
																														
																														
																														
																														
																														
																														
																														
																														
																														
																														
																														
																														
																														
																														
																														
																														
																														
																														
																														
																														
																														
																														
																														
																														
																														
																														
																														
																														
																														
																														
																														
																														
																														
																														
																														
																														
																														
																														
																														
																														
																														
																														
																														
																														
																														
																														
																														
																														
																														
																														
																														
																														
																														
																														
																														
																														
																														
																														
																														
